10100000000001000100010001000100000000101
11010101010101010101010101010101010101010
11010000000001000100010001000100000000010
10101010101010101010101010101010101010101
10100000000001000100010001000100000000101
11010101010101010101010101010101010101010
11010000000001001111110001000100000000010
10101010101010101010101010101010101010101
10100000000001011111111101000100000000101
11010101010101010101010101010101010101010
11010000001101110100011111000100000000010
10101010101010101010101010101010101010101
10100000011101100111010111000100000000101
11010101010101010101010101010101010101010
11010000011001001101110011101111110000010
10101010101010101010101010101010101010101
10100000001001000100111111110100011000101
11010101010101010101010101010101010101010
11010000000111111111110001111100110000010
10101010101010101010101010101010101010101
10100000000001100100110001011111000000101
11010101010101010101010101010101010101010
11010000000001010101110001000100000000010
10101010101010101010101010101010101010101
10100000000001001111010001000100000000101
11010101010101010101010101010101010101010
11010000000001000100010001000100000000010
10101010101010101010101010101010101010101
10100000000001000100010001000100000000101
11010101010101010101010101010101010101010
11010000000001000100010001000100000000010
10101010101010101010101010101010101010101
10100000000001011100010111000100000000101
11010101010101010101010101010101010101010
11010000000001010110010101100100000000010
10101010101010101010101010101010101010101
10100000000001010101110101011100000000101
11010101010101010101010101010101010101010
11010000000001111110111111101100000000010
10101010101010101010101010101010101010101
10100000000001111111011111110100000000101
11010101010101010101010101010101010101010
11010000000001010100010101000100000000010
10101010101010101010101010101010101010101
10100000000001000100010001000100000000101
11010101010101010101010101010101010101010
11010000000001000100010001000100000000010
10101010101010101010101010101010101010101
10100000000001000100010001000100000000101
11010101010101010101010101010101010101010
11010000000001000100010001000100000000010
10101010101010101010101010101010101010101
10100000000001000100010001000100000000101
11010101010101010101010101010101010101010
11010000000001000100010001000100000000010
10101010101010101010101010101010101010101
10100000000001000100010001000100000000101
11010101010101010101010101010101010101010
11010000000001000100010001000100000000010
10101010101010101010101010101010101010101
10100000000001000100010001000100000000101
11010101010101010101010101010101010101010
11010000000001000100010001000100000000010
10101010101010101010101010101010101010101
10100000000001000100010001000100000000101
11010101010101010101010101010101010101010
11010000000001000100011101000100000000010
10101010101010101010101010101010101010101
10100000000001000100011101000100000000101
11010101010101010101010101010101010101010
11010000000001000100011101000100000000010
10101010101010101010101010101010101010101
10100000000001000100011101000100000000101
11010101010101010101010101010101010101010
11010000000001000100011101000100000000010
10101010101010101010101010101010101010101
10100000000001000100010001000100000000101
11010101010101010101010101010101010101010
11010000000001000100010101000100000000010
10101010101010101010101010101010101010101
10100000000001000100010001000100000000101
11010101010101010101010101010101010101010
11010000000001000100010001000100000000010
10101010101010101010101010101010101010101
10100000000001000100010001000100000000101
11010101010101010101010101010101010101010
11010000000001000100010001000100000000010
10101010101010101010101010101010101010101
10100000000001000100010001000100000000101
11010101010101010101010101010101010101010
11010000000001000100010001000100000000010
10101010101010101010101010101010101010101
10100000000001000100010001000100000000101
11010101010101010101010101010101010101010
11010000000001000100010001000100000000010
10101010101010101010101010101010101010101
10100000000001000100010001000100000000101
11010101010101010101010101010101010101010
11010000000001000100010001000100000000010
10101010101010101010101010101010101010101
10100000000001000100010001000100000000101
11010101010101010101010101010101010101010
11010000010001000100010001000100000000010
10101010101010101010101010101010101010101
10100000111001000100010001000100000000101
11010101010101010101010101010101010101010
11010000111101000100010001000100000000010
10101010101010101010101010101010101010101
10100000111101000100010001000100000000101
11010101010101010101010101010101010101010
11010000111101000100010001000100000000010
10101010101010101010101010101010101010101
10100000011111111111111101000100000000101
11010101010101010101010101010101010101010
11010000010001000100010001000100000000010
10101010101010101010101010101010101010101
10100000000001000100010001000100000000101
11010101010101010101010101010101010101010
11010000000001000100010001000100000000010
10101010101010101010101010101010101010101
10100000000001000100010001000100000000101
11010101010101010101010101010101010101010
11010000000001000100010001000100000000010
10101010101010101010101010101010101010101
10100000000001000100010001000100000000101
11010101010101010101010101010101010101010
11010000000001111111111111111100000000010
10101010101010101010101010101010101010101
10100000000001000100010001000100000000101
11010101010101010101010101010101010101010
11010000000001000100010001000100000000010
10101010101010101010101010101010101010101
10100000000001000100010001000100000000101
11010101010101010101010101010101010101010
11010000000001000100010001000100000000010
10101010101010101010101010101010101010101
10100000000001000100010001000100000000101
11010101010101010101010101010101010101010
11010000000001000100010001000100000000010
10101010101010101010101010101010101010101
10100000001101000100010001000100000000101
11010101010101010101010101010101010101010
11010000001111000100010001000100000000010
10101010101010101010101010101010101010101
10100000001111000100010001000100000000101
11010101010101010101010101010101010101010
11010000001111000100010001000100000000010
10101010101010101010101010101010101010101
10100000000111111111111111000100000000101
11010101010101010101010101010101010101010
11010000000001000100011111000100000000010
10101010101010101010101010101010101010101
10100000000001000100111001000100000000101
11010101010101010101010101010101010101010
11010000000001100101110001000100000000010
10101010101010101010101010101010101010101
10100000000001011110010001000100000000101
11010101010101010101010101010101010101010
11010000000001000100010001000100000000010
10101010101010101010101010101010101010101
10100000000001000100010001000100000000101
11010101010101010101010101010101010101010
11010000000001000100010001000100000000010
10101010101010101010101010101010101010101
10100000000001000111010001000100000000101
11010101010101010101010101010101010101010
11010000000001000111110001000100000000010
10101010101010101010101010101010101010101
10100000000001000111110001000100000000101
11010101010101010101010101010101010101010
11010000000001000111110001000100000000010
10101010101010101010101010101010101010101
10100000000001000101111111111111110000101
11010101010101010101010101010101010101010
11010000000001000100010001000100000000010
10101010101010101010101010101010101010101
10100000000001000100010001000100000000101
11010101010101010101010101010101010101010
11010000000001000100010001000100000000010
10101010101010101010101010101010101010101
10100000000001000100010001000100000000101
11010101010101010101010101010101010101010
11010000000001000100010001000100000000010
10101010101010101010101010101010101010101
10100000000001000100010001000100000000101
11010101010101010101010101010101010101010
11010000000001000100010001000100000000010
10101010101010101010101010101010101010101
10100000001101000100010001000100000000101
11010101010101010101010101010101010101010
11010000001111000100010001000100000000010
10101010101010101010101010101010101010101
10100000001111000100010001000100000000101
11010101010101010101010101010101010101010
11010000001111000100010001000100000000010
10101010101010101010101010101010101010101
10100000000111111111111111000100000000101
11010101010101010101010101010101010101010
11010000000001000100011111000100000000010
10101010101010101010101010101010101010101
10100000000001000100111001000100000000101
11010101010101010101010101010101010101010
11010000000001100101110001000100000000010
10101010101010101010101010101010101010101
10100000000001011110010001000100000000101
11010101010101010101010101010101010101010
11010000000001000100010001000100000000010
10101010101010101010101010101010101010101
10100000000001000100010001000100000000101
11010101010101010101010101010101010101010
11010000000001000100010001000100000000010
10101010101010101010101010101010101010101
10100000000001000111010001000100000000101
11010101010101010101010101010101010101010
11010000000001000111110001000100000000010
10101010101010101010101010101010101010101
10100000000001000111110001000100000000101
11010101010101010101010101010101010101010
11010000000001000111110001000100000000010
10101010101010101010101010101010101010101
10100000000001000101111111111111110000101
11010101010101010101010101010101010101010
11010000000001000100010001000100000000010
10101010101010101010101010101010101010101
10100000000001000100010001000100000000101
11010101010101010101010101010101010101010
11010000000001000100010001000100000000010
10101010101010101010101010101010101010101
10100000000001000100010001000100000000101
11010101010101010101010101010101010101010
11010000000001000100010001000100000000010
10101010101010101010101010101010101010101
10100000000001000100010001000100000000101
11010101010101010101010101010101010101010
11010000000001000100010001000100000000010
10101010101010101010101010101010101010101
10100000001101000100010001000100000000101
11010101010101010101010101010101010101010
11010000001111000100010001000100000000010
10101010101010101010101010101010101010101
10100000001111000100010001000100000000101
11010101010101010101010101010101010101010
11010000001111000100010001000100000000010
10101010101010101010101010101010101010101
10100000000111111111111111000100000000101
11010101010101010101010101010101010101010
11010000000001000100011111000100000000010
10101010101010101010101010101010101010101
10100000000001000100111001000100000000101
11010101010101010101010101010101010101010
11010000000001100101110001000100000000010
10101010101010101010101010101010101010101
10100000000001011110010001000100000000101
11010101010101010101010101010101010101010
11010000000001000100010001000100000000010
10101010101010101010101010101010101010101
10100000000001000100010001000100000000101
11010101010101010101010101010101010101010
11010000000001000100010001000100000000010
10101010101010101010101010101010101010101
10100000011111111111111101000100000000101
11010101010101010101010101010101010101010
11010000001111000100011111000100000000010
10101010101010101010101010101010101010101
10100000000011100100011111100100000000101
11010101010101010101010101010101010101010
11010000000001110100111111010100000000010
10101010101010101010101010101010101010101
10100000000001001111010111010100000000101
11010101010101010101010101010101010101010
11010000000001000100010001001100000000010
10101010101010101010101010101010101010101
10100000000001000100010001001100000000101
11010101010101010101010101010101010101010
11010000000001000100010001001100000000010
10101010101010101010101010101010101010101
10100000000001000100010001001100000000101
11010101010101010101010101010101010101010
11010000000001000100010001001100000000010
10101010101010101010101010101010101010101
10100000000001000100010001001100000000101
11010101010101010101010101010101010101010
11010000000001111111111111111100000000010
10101010101010101010101010101010101010101
10100000000001000100010001001100000000101
11010101010101010101010101010101010101010
11010000000001000100010001001100000000010
10101010101010101010101010101010101010101
10100000000001000100010001001100000000101
11010101010101010101010101010101010101010
11010000000001000100010001001100000000010
10101010101010101010101010101010101010101
10100000000001000100010001001100000000101
11010101010101010101010101010101010101010
11010000000001000100010001001100000000010
10101010101010101010101010101010101010101
10100000011111111111111101010100000000101
11010101010101010101010101010101010101010
11010000001111000100011111010100000000010
10101010101010101010101010101010101010101
10100000000011100100011111100100000000101
11010101010101010101010101010101010101010
11010000000001110100111111000100000000010
10101010101010101010101010101010101010101
10100000000001001111010111000100000000101
11010101010101010101010101010101010101010
11010000000001000100010001000100000000010
10101010101010101010101010101010101010101
10100000000001000100010001000100000000101
11010101010101010101010101010101010101010
11010000000001000100010001000100000000010
10101010101010101010101010101010101010101
10100000000001000100010001000100000000101
11010101010101010101010101010101010101010
11010000000001000100010001000100000000010
10101010101010101010101010101010101010101
10100000000001000100010001000100000000101
11010101010101010101010101010101010101010
11010000000001000100010001000100000000010
10101010101010101010101010101010101010101
10100000000111111111111111100100000000101
11010101010101010101010101010101010101010
11010000000011100100010011110100000000010
10101010101010101010101010101010101010101
10100000000001111100010011110100000000101
11010101010101010101010101010101010101010
11010000000001001100011011110100000000010
10101010101010101010101010101010101010101
10100000000001000111110001110100000000101
11010101010101010101010101010101010101010
11010000000001000100010001000100000000010
10101010101010101010101010101010101010101
10100000000001000100010001000100000000101
11010101010101010101010101010101010101010
11010000000001000100010001000100000000010
10101010101010101010101010101010101010101
10100000000001000100010001000100000000101
11010101010101010101010101010101010101010
11010000000001000100010001000100000000010
10101010101010101010101010101010101010101
10100000000001000100010001000100000000101
11010101010101010101010101010101010101010
11010000000001000100010001000100000000010
10101010101010101010101010101010101010101
10100000000001000111010001000100000000101
11010101010101010101010101010101010101010
11010000000001000111110001000100000000010
10101010101010101010101010101010101010101
10100000000001000111110001000100000000101
11010101010101010101010101010101010101010
11010000000001000111110001000100000000010
10101010101010101010101010101010101010101
10100000000001000101111111111111110000101
11010101010101010101010101010101010101010
11010000000001000100010001000111100000010
10101010101010101010101010101010101010101
10100000000001000100010001001110000000101
11010101010101010101010101010101010101010
11010000000001000100011001011100000000010
10101010101010101010101010101010101010101
10100000000001000100010111100100000000101
11010101010101010101010101010101010101010
11010000000001000100010001000100000000010
10101010101010101010101010101010101010101
10100000000001000100010001000100000000101
11010101010101010101010101010101010101010
11010000000001000100010001000100000000010
10101010101010101010101010101010101010101
10100000011111111111111101000100000000101
11010101010101010101010101010101010101010
11010000001111000100011111000100000000010
10101010101010101010101010101010101010101
10100000000011100100011111000100000000101
11010101010101010101010101010101010101010
11010000000001110100111111000100000000010
10101010101010101010101010101010101010101
10100000000001001111010111000100000000101
11010101010101010101010101010101010101010
11010000000001000100010001000100000000010
10101010101010101010101010101010101010101
10100000000001000100010001000100000000101
11010101010101010101010101010101010101010
11010000000001000100010001000100000000010
10101010101010101010101010101010101010101
10100000000001000100010001000100000000101
11010101010101010101010101010101010101010
11010000000001000100010001000100000000010
10101010101010101010101010101010101010101
10100000000001000100010001000100000000101
11010101010101010101010101010101010101010
11010000000001000100010001000100000000010
10101010101010101010101010101010101010101
10100000000001001110010001000100000000101
11010101010101010101010101010101010101010
11010000000001001111010001000100000000010
10101010101010101010101010101010101010101
10100000000001001111010001000100000000101
11010101010101010101010101010101010101010
11010000000001001111010001000100000000010
10101010101010101010101010101010101010101
10100000000001000111111111111111000000101
11010101010101010101010101010101010101010
11010000000001000100010001000100000000010
10101010101010101010101010101010101010101
10100000000001000100010001000100000000101
11010101010101010101010101010101010101010
11010000000001000100010001000100000000010
10101010101010101010101010101010101010101
10100000000001000100010001000100000000101
11010101010101010101010101010101010101010
11010000000001000100010001000100000000010
10101010101010101010101010101010101010101
10100000000001000100010001000100000000101
11010101010101010101010101010101010101010
11010000000001000100010001000100000000010
10101010101010101010101010101010101010101
10100000000001000111010001000100000000101
11010101010101010101010101010101010101010
11010000000001000111110001000100000000010
10101010101010101010101010101010101010101
10100000000001000111110001000100000000101
11010101010101010101010101010101010101010
11010000000001000111110001000100000000010
10101010101010101010101010101010101010101
10100000000001000101111111111111110000101
11010101010101010101010101010101010101010
11010000000001000100010001000100000000010
10101010101010101010101010101010101010101
10100000000001000100010001000100000000101
11010101010101010101010101010101010101010
11010000000001000100010001000100000000010
10101010101010101010101010101010101010101
10100000000001000100010001000100000000101
11010101010101010101010101010101010101010
11010000000001000100010001000100000000010
10101010101010101010101010101010101010101
10100000000001000100010001000100000000101
11010101010101010101010101010101010101010
11010000000001111111111111111100000000010
10101010101010101010101010101010101010101
10100000000001000100010001000100000000101
11010101010101010101010101010101010101010
11010000000001000100010001000100000000010
10101010101010101010101010101010101010101
10100000000001000100010001000100000000101
11010101010101010101010101010101010101010
11010000000001000100010001000100000000010
10101010101010101010101010101010101010101
10100000000001000100010001000100000000101
11010101010101010101010101010101010101010
11010000010001000100010001000100000000010
10101010101010101010101010101010101010101
10100000111001000100010001000100000000101
11010101010101010101010101010101010101010
11010000111101000100010001000100000000010
10101010101010101010101010101010101010101
10100000111101000100010001000100000000101
11010101010101010101010101010101010101010
11010000111101000100010001000100000000010
10101010101010101010101010101010101010101
10100000011111111111111101000100000000101
11010101010101010101010101010101010101010
11010000010001000100111001000100000000010
10101010101010101010101010101010101010101
10100000000001000111110001000100000000101
11010101010101010101010101010101010101010
11010000000011000110010001000100000000010
10101010101010101010101010101010101010101
10100000000001111100010001000100000000101
11010101010101010101010101010101010101010
11010000000001000100010001000100000000010
10101010101010101010101010101010101010101
10100000000001000100010001000100000000101
11010101010101010101010101010101010101010
11010000000001000100010001000100000000010
10101010101010101010101010101010101010101
10100000000001001110010001000100000000101
11010101010101010101010101010101010101010
11010000000001001111010001000100000000010
10101010101010101010101010101010101010101
10100000000001001111010001000100000000101
11010101010101010101010101010101010101010
11010000000001001111010001000100000000010
10101010101010101010101010101010101010101
10100000000001000111111111111111000000101
11010101010101010101010101010101010101010
11010000000001000100010001000100000000010
10101010101010101010101010101010101010101
10100000000001000100010001000100000000101
11010101010101010101010101010101010101010
11010000000001000100010001000100000000010
10101010101010101010101010101010101010101
10100000000001000100010001000100000000101
11010101010101010101010101010101010101010
11010000000001000100010001000100000000010
10101010101010101010101010101010101010101
10100000000001000100010001000100000000101
11010101010101010101010101010101010101010
11010000010001000100010001000100000000010
10101010101010101010101010101010101010101
10100000111001000100010001000100000000101
11010101010101010101010101010101010101010
11010000111101000100010001000100000000010
10101010101010101010101010101010101010101
10100000111101000100010001000100000000101
11010101010101010101010101010101010101010
11010000111101000100010001000100000000010
10101010101010101010101010101010101010101
10100000011111111111111101000100000000101
11010101010101010101010101010101010101010
11010000010001000100111001000100000000010
10101010101010101010101010101010101010101
10100000000001000111110001000100000000101
11010101010101010101010101010101010101010
11010000000011000110010001000100000000010
10101010101010101010101010101010101010101
10100000000001111100010001000100000000101
11010101010101010101010101010101010101010
11010000000001000100010001000100000000010
10101010101010101010101010101010101010101
10100000000001000100010001000100000000101
11010101010101010101010101010101010101010
11010000000001000100010001000100000000010
10101010101010101010101010101010101010101
10100000000001001110010001000100000000101
11010101010101010101010101010101010101010
11010000000001001111010001000100000000010
10101010101010101010101010101010101010101
10100000000001001111010001000100000000101
11010101010101010101010101010101010101010
11010000000001001111010001000100000000010
10101010101010101010101010101010101010101
10100000000001000111111111111111000000101
11010101010101010101010101010101010101010
11010000000001000100010001000100000000010
10101010101010101010101010101010101010101
10100000000001000100010001000100000000101
11010101010101010101010101010101010101010
11010000000001000100010001000100000000010
10101010101010101010101010101010101010101
10100000000001000100010001000100000000101
11010101010101010101010101010101010101010
11010000000001000100010001000100000000010
10101010101010101010101010101010101010101
10100000000001000100010001000100000000101
11010101010101010101010101010101010101010
11010000000001000100010001000100000000010
10101010101010101010101010101010101010101
10100000000011100100010001000100000000101
11010101010101010101010101010101010101010
11010000000011110100010001000100000000010
10101010101010101010101010101010101010101
10100000000011110100010001000100000000101
11010101010101010101010101010101010101010
11010000000011110100010001000100000000010
10101010101010101010101010101010101010101
10100000000001111111111111110100000000101
11010101010101010101010101010101010101010
11010000000001000100010011100100000000010
10101010101010101010101010101010101010101
10100000000001000100011111000100000000101
11010101010101010101010101010101010101010
11010000000001001100011001000100000000010
10101010101010101010101010101010101010101
10100000000001000111110001000100000000101
11010101010101010101010101010101010101010
11010000000001000100010001000100000000010
10101010101010101010101010101010101010101
10100000000001000100010001000100000000101
11010101010101010101010101010101010101010
11010000000001000100010001000100000000010
10101010101010101010101010101010101010101
10100000000001110100010001000100000000101
11010101010101010101010101010101010101010
11010000000001111100010001000100000000010
10101010101010101010101010101010101010101
10100000000011111100010001000100000000101
11010101010101010101010101010101010101010
11010000000101111100010001000100000000010
10101010101010101010101010101010101010101
10100000000101011111111111111100000000101
11010101010101010101010101010101010101010
11010000001001000100010001111100000000010
10101010101010101010101010101010101010101
10100000001001000100010011100100000000101
11010101010101010101010101010101010101010
11010000001001000110010111000100000000010
10101010101010101010101010101010101010101
10100000001001000101111001000100000000101
11010101010101010101010101010101010101010
11010000001001000100010001000100000000010
10101010101010101010101010101010101010101
10100000001001000100010001000100000000101
11010101010101010101010101010101010101010
11010000001001111111111111111100000000010
10101010101010101010101010101010101010101
10100000001001000100010001000100000000101
11010101010101010101010101010101010101010
11010000001001000100010001000100000000010
10101010101010101010101010101010101010101
10100000001001000100010001000100000000101
11010101010101010101010101010101010101010
11010000001001000100010001000100000000010
10101010101010101010101010101010101010101
10100000001001000100010001000100000000101
11010101010101010101010101010101010101010
11010000001001000100010001000100000000010
10101010101010101010101010101010101010101
10100000000101110100010001000100000000101
11010101010101010101010101010101010101010
11010000000101111100010001000100000000010
10101010101010101010101010101010101010101
10100000000011111100010001000100000000101
11010101010101010101010101010101010101010
11010000000001111100010001000100000000010
10101010101010101010101010101010101010101
10100000000001011111111111111100000000101
11010101010101010101010101010101010101010
11010000000001000100010001111100000000010
10101010101010101010101010101010101010101
10100000000001000100010011100100000000101
11010101010101010101010101010101010101010
11010000000001000110010111000100000000010
10101010101010101010101010101010101010101
10100000000001000101111001000100000000101
11010101010101010101010101010101010101010
11010000000001000100010001000100000000010
10101010101010101010101010101010101010101
10100000000001000100010001000100000000101
11010101010101010101010101010101010101010
11010000000001000100010001000100000000010
10101010101010101010101010101010101010101
10100000000001001110010001000100000000101
11010101010101010101010101010101010101010
11010000000001001111010001000100000000010
10101010101010101010101010101010101010101
10100000000001001111010001000100000000101
11010101010101010101010101010101010101010
11010000000001001111010001000100000000010
10101010101010101010101010101010101010101
10100000000001000111111111111111000000101
11010101010101010101010101010101010101010
11010000000001000100010001001110000000010
10101010101010101010101010101010101010101
10100000000001000100010001111100000000101
11010101010101010101010101010101010101010
11010000000001000100110001100100000000010
10101010101010101010101010101010101010101
10100000000001000100011111000100000000101
11010101010101010101010101010101010101010
11010000000001000100010001000100000000010
10101010101010101010101010101010101010101
10100000000001000100010001000100000000101
11010101010101010101010101010101010101010
11010000000001000100010001000100000000010
10101010101010101010101010101010101010101
10100000000001000111010001000100000000101
11010101010101010101010101010101010101010
11010000000001000111110001000100000000010
10101010101010101010101010101010101010101
10100000000001000111110001000100000000101
11010101010101010101010101010101010101010
11010000000001000111110001000100000000010
10101010101010101010101010101010101010101
10100000000001000101111111111111110000101
11010101010101010101010101010101010101010
11010000000001000100010001000111100000010
10101010101010101010101010101010101010101
10100000000001000100010001001110000000101
11010101010101010101010101010101010101010
11010000000001000100011001011100000000010
10101010101010101010101010101010101010101
10100000000001000100010111100100000000101
11010101010101010101010101010101010101010
11010000000001000100010001000100000000010
10101010101010101010101010101010101010101
10100000000001000100010001000100000000101
11010101010101010101010101010101010101010
11010000000001000100010001000100000000010
10101010101010101010101010101010101010101
10100000000111111111111111100100000000101
11010101010101010101010101010101010101010
11010000000011100100010011110100000000010
10101010101010101010101010101010101010101
10100000000001111100010011110100000000101
11010101010101010101010101010101010101010
11010000000001001100011011110100000000010
10101010101010101010101010101010101010101
10100000000001000111110001110100000000101
11010101010101010101010101010101010101010
11010000000001000100010001000100000000010
10101010101010101010101010101010101010101
10100000000001000100010001000100000000101
11010101010101010101010101010101010101010
11010000000001000100010001000100000000010
10101010101010101010101010101010101010101
10100000000001000100010001000100000000101
11010101010101010101010101010101010101010
11010000000001000100010001000100000000010
10101010101010101010101010101010101010101
10100000000001000100010001000100000000101
11010101010101010101010101010101010101010
11010000000001000100010001000100000000010
10101010101010101010101010101010101010101
10100000011111111111111101000100000000101
11010101010101010101010101010101010101010
11010000001111000100011111000100000000010
10101010101010101010101010101010101010101
10100000000011100100011111000100000000101
11010101010101010101010101010101010101010
11010000000001110100111111000100000000010
10101010101010101010101010101010101010101
10100000000001001111010111000100000000101
11010101010101010101010101010101010101010
11010000000001000100010001000100000000010
10101010101010101010101010101010101010101
10100000000001000100010001000100000000101
11010101010101010101010101010101010101010
11010000000001000100010001000100000000010
10101010101010101010101010101010101010101
10100000000001000100010001000100000000101
11010101010101010101010101010101010101010
11010000000001000100010001000100000000010
10101010101010101010101010101010101010101
10100000000001000100010001000100000000101
11010101010101010101010101010101010101010
11010000000001000100010001000100000000010
10101010101010101010101010101010101010101
10100000000001000111010001000100000000101
11010101010101010101010101010101010101010
11010000000001000111110001000100000000010
10101010101010101010101010101010101010101
10100000000001000111110001000100000000101
11010101010101010101010101010101010101010
11010000000001000111110001000100000000010
10101010101010101010101010101010101010101
10100000000001000101111111111111110000101
11010101010101010101010101010101010101010
11010000000001000100010001000111100000010
10101010101010101010101010101010101010101
10100000000001000100010001001110000000101
11010101010101010101010101010101010101010
11010000000001000100011001011100000000010
10101010101010101010101010101010101010101
10100000000001000100010111100100000000101
11010101010101010101010101010101010101010
11010000000001000100010001000100000000010
10101010101010101010101010101010101010101
10100000000001000100010001000100000000101
11010101010101010101010101010101010101010
11010000000001000100010001000100000000010
10101010101010101010101010101010101010101
10100000000001001110010001000100000000101
11010101010101010101010101010101010101010
11010000000001001111010001000100000000010
10101010101010101010101010101010101010101
10100000000001001111010001000100000000101
11010101010101010101010101010101010101010
11010000000001001111010001000100000000010
10101010101010101010101010101010101010101
10100000000001000111111111111111000000101
11010101010101010101010101010101010101010
11010000000001000100010001001110000000010
10101010101010101010101010101010101010101
10100000000001000100010001111100000000101
11010101010101010101010101010101010101010
11010000000001000100110001100100000000010
10101010101010101010101010101010101010101
10100000000001000100011111000100000000101
11010101010101010101010101010101010101010
11010000000001000100010001000100000000010
10101010101010101010101010101010101010101
10100000000001000100010001000100000000101
11010101010101010101010101010101010101010
11010000010001000100010001000100000000010
10101010101010101010101010101010101010101
10100000111001000100010001000100000000101
11010101010101010101010101010101010101010
11010000111101000100010001000100000000010
10101010101010101010101010101010101010101
10100000111101000100010001000100000000101
11010101010101010101010101010101010101010
11010000111101000100010001000100000000010
10101010101010101010101010101010101010101
10100000011111111111111101000100000000101
11010101010101010101010101010101010101010
11010000010001000100111001000100000000010
10101010101010101010101010101010101010101
10100000000001000111110001000100000000101
11010101010101010101010101010101010101010
11010000000011000110010001000100000000010
10101010101010101010101010101010101010101
10100000000001111100010001000100000000101
11010101010101010101010101010101010101010
11010000000001000100010001000100000000010
10101010101010101010101010101010101010101
10100000000001000100010001000100000000101
11010101010101010101010101010101010101010
11010000000001111111111111111100000000010
10101010101010101010101010101010101010101
10100000000001000100010001000100000000101
11010101010101010101010101010101010101010
11010000000001000100010001000100000000010
10101010101010101010101010101010101010101
10100000000001000100010001000100000000101
11010101010101010101010101010101010101010
11010000000001000100010001000100000000010
10101010101010101010101010101010101010101
10100000000001000100010001000100000000101
11010101010101010101010101010101010101010
11010000000001000100010001000100000000010
10101010101010101010101010101010101010101
10100000001101000100010001000100000000101
11010101010101010101010101010101010101010
11010000001111000100010001000100000000010
10101010101010101010101010101010101010101
10100000001111000100010001000100000000101
11010101010101010101010101010101010101010
11010000001111000100010001000100000000010
10101010101010101010101010101010101010101
10100000000111111111111111000100000000101
11010101010101010101010101010101010101010
11010000000001000100010001000100000000010
10101010101010101010101010101010101010101
10100000000001000100010001000100000000101
11010101010101010101010101010101010101010
11010000000001000100010001000100000000010
10101010101010101010101010101010101010101
10100000000001000100010001000100000000101
11010101010101010101010101010101010101010
11010000000001000100010001000100000000010
10101010101010101010101010101010101010101
10100000000001000100010001000100000000101
11010101010101010101010101010101010101010
11010000000001000100010001000100000000010
10101010101010101010101010101010101010101
10100000000011100100010001000100000000101
11010101010101010101010101010101010101010
11010000000011110100010001000100000000010
10101010101010101010101010101010101010101
10100000000011110100010001000100000000101
11010101010101010101010101010101010101010
11010000000011110100010001000100000000010
10101010101010101010101010101010101010101
10100000000001111111111111110100000000101
11010101010101010101010101010101010101010
11010000000001000100010001000100000000010
10101010101010101010101010101010101010101
10100000000001000100010001000100000000101
11010101010101010101010101010101010101010
11010000000001000100010001000100000000010
10101010101010101010101010101010101010101
10100000000001000100010001000100000000101
11010101010101010101010101010101010101010
11010000000001000100010001000100000000010
10101010101010101010101010101010101010101
10100000000001000100010001000100000000101
11010101010101010101010101010101010101010
11010000000001000100010001000100000000010
10101010101010101010101010101010101010101
10100000000001110100010001000100000000101
11010101010101010101010101010101010101010
11010000000001111100010001000100000000010
10101010101010101010101010101010101010101
10100000000001111100010001000100000000101
11010101010101010101010101010101010101010
11010000000001111100010001000100000000010
10101010101010101010101010101010101010101
10100000000001011111111111111100000000101
11010101010101010101010101010101010101010
11010000000001000100010001000100000000010
10101010101010101010101010101010101010101
10100000000001000100010001000100000000101
11010101010101010101010101010101010101010
11010000000001000100010001000100000000010
10101010101010101010101010101010101010101
10100000000001000100010001000100000000101
11010101010101010101010101010101010101010
11010000000001000100010001000100000000010
10101010101010101010101010101010101010101
10100000000001000100010001000100000000101
11010101010101010101010101010101010101010
11010000000001000100010001000100000000010
10101010101010101010101010101010101010101
10100000000111111111111111100100000000101
11010101010101010101010101010101010101010
11010000000001000100010011110100000000010
10101010101010101010101010101010101010101
10100000000001000100010011110100000000101
11010101010101010101010101010101010101010
11010000000001000100010011110100000000010
10101010101010101010101010101010101010101
10100000000001000100010001110100000000101
11010101010101010101010101010101010101010
11010000000001000100010001000100000000010
10101010101010101010101010101010101010101
10100000000001000100010001000100000000101
11010101010101010101010101010101010101010
11010000000001000100010001000100000000010
10101010101010101010101010101010101010101
10100000000001000100010001000100000000101
11010101010101010101010101010101010101010
11010000000001000100010001000100000000010
10101010101010101010101010101010101010101
10100000000001000100010001000100000000101
11010101010101010101010101010101010101010
11010000000001111111111111111100000000010
10101010101010101010101010101010101010101
10100000000001000100010001000100000000101
11010101010101010101010101010101010101010
11010000000001000100110011000100000000010
10101010101010101010101010101010101010101
10100000000001000101111111100100000000101
11010101010101010101010101010101010101010
11010000000001000100011001000100000000010
10101010101010101010101010101010101010101
10100000000001000100111111110100000000101
11010101010101010101010101010101010101010
11010000000001000100011001100100000000010
10101010101010101010101010101010101010101
10100000011111111111111101000100000000101
11010101010101010101010101010101010101010
11010000000001000100011111000100000000010
10101010101010101010101010101010101010101
10100000000001000100011111000100000000101
11010101010101010101010101010101010101010
11010000000001000100011111000100000000010
10101010101010101010101010101010101010101
10100000000001000100010111000100000000101
11010101010101010101010101010101010101010
11010000000001000100010001000100000000010
10101010101010101010101010101010101010101
10100000000001000100010001000100000000101
11010101010101010101010101010101010101010
11010000000001000100010001000100000000010
10101010101010101010101010101010101010101
10100000000001000100010001000100000000101
11010101010101010101010101010101010101010
11010000000001000100010001000100000000010
10101010101010101010101010101010101010101
10100000000001000100010001000100000000101
11010101010101010101010101010101010101010
11010000000001000100010001000100000000010
10101010101010101010101010101010101010101
10100000000001000111010001000100000000101
11010101010101010101010101010101010101010
11010000000001000111110001000100000000010
10101010101010101010101010101010101010101
10100000000001000111110001000100000000101
11010101010101010101010101010101010101010
11010000000001000111110001000100000000010
10101010101010101010101010101010101010101
10100000000001000101111111111111110000101
11010101010101010101010101010101010101010
11010000000001000100010001000100000000010
10101010101010101010101010101010101010101
10100000000001000100010001000100000000101
11010101010101010101010101010101010101010
11010000000001000100010001000100000000010
10101010101010101010101010101010101010101
10100000000001000100010001000100000000101
11010101010101010101010101010101010101010
11010000000001000100010001000100000000010
10101010101010101010101010101010101010101
10100000000001000100010001000100000000101
11010101010101010101010101010101010101010
11010000000001000100010001000100000000010
10101010101010101010101010101010101010101
10100000000001111111111111110100000000101
11010101010101010101010101010101010101010
11010000000001000100010001111100000000010
10101010101010101010101010101010101010101
10100000000001000100010001111100000000101
11010101010101010101010101010101010101010
11010000000001000100010001111100000000010
10101010101010101010101010101010101010101
10100000000001000100010001011100000000101
11010101010101010101010101010101010101010
11010000000001000100010001000100000000010
10101010101010101010101010101010101010101
10100000000001000100010001000100000000101
11010101010101010101010101010101010101010
11010000000001000100010001000100000000010
10101010101010101010101010101010101010101
10100000000001000100010001000100000000101
11010101010101010101010101010101010101010
11010000000001000100010001000100000000010
10101010101010101010101010101010101010101
10100000000001000100010001000100000000101
11010101010101010101010101010101010101010
11010000000001000100010001000100000000010
10101010101010101010101010101010101010101
10100000000001011111111111111110000000101
11010101010101010101010101010101010101010
11010000000001000100010001001111000000010
10101010101010101010101010101010101010101
10100000000001000100010001001111000000101
11010101010101010101010101010101010101010
11010000000001000100010001001111000000010
10101010101010101010101010101010101010101
10100000000001000100010001000111000000101
11010101010101010101010101010101010101010
11010000000001000100010001000100000000010
10101010101010101010101010101010101010101
10100000000001000100010001000100000000101
11010101010101010101010101010101010101010
11010000000001000100010001000100000000010
10101010101010101010101010101010101010101
10100000000001000100010001000100000000101
11010101010101010101010101010101010101010
11010000000001000100010001000100000000010
10101010101010101010101010101010101010101
10100000000001000100010001000100000000101
11010101010101010101010101010101010101010
11010000000001111111111111111100000000010
10101010101010101010101010101010101010101
10100000000001000100010001000100000000101
11010101010101010101010101010101010101010
11010000000001000100010001000100000000010
10101010101010101010101010101010101010101
10100000000001000100010001000100000000101
11010101010101010101010101010101010101010
11010000000001000100010001000100000000010
10101010101010101010101010101010101010101
10100000000001000100010001000100000000101
11010101010101010101010101010101010101010
11010000000001000100010001000100000000010
10101010101010101010101010101010101010101
10100000000001111111111111110100000000101
11010101010101010101010101010101010101010
11010000000001000100010001111100000000010
10101010101010101010101010101010101010101
10100000000001000100010001111100000000101
11010101010101010101010101010101010101010
11010000000001000100010001111100000000010
10101010101010101010101010101010101010101
10100000000001000100010001011100000000101
11010101010101010101010101010101010101010
11010000000001000100010001000100000000010
10101010101010101010101010101010101010101
10100000000001000100010001000100000000101
11010101010101010101010101010101010101010
11010000000001000100010001000100000000010
10101010101010101010101010101010101010101
10100000000001000100010001000100000000101
11010101010101010101010101010101010101010
11010000000001000100010001000100000000010
10101010101010101010101010101010101010101
10100000000001000100010001000100000000101
11010101010101010101010101010101010101010
11010000000001000100010001000100000000010
10101010101010101010101010101010101010101
10100000011111111111111101000100000000101
11010101010101010101010101010101010101010
11010000000001000100011111000100000000010
10101010101010101010101010101010101010101
10100000000001000100011111000100000000101
11010101010101010101010101010101010101010
11010000000001000100011111000100000000010
10101010101010101010101010101010101010101
10100000000001000100010111000100000000101
11010101010101010101010101010101010101010
11010000000001000100010001000100000000010
10101010101010101010101010101010101010101
10100000000001000100010001000100000000101
11010101010101010101010101010101010101010
11010000000001000100010001000100000000010
10101010101010101010101010101010101010101
10100000000001000100010001000100000000101
11010101010101010101010101010101010101010
11010000000001000100010001000100000000010
10101010101010101010101010101010101010101
10100000000001000100010001000100000000101
11010101010101010101010101010101010101010
11010000000001000100010001000100000000010
10101010101010101010101010101010101010101
10100000000001000111010001000100000000101
11010101010101010101010101010101010101010
11010000000001000111110001000100000000010
10101010101010101010101010101010101010101
10100000000001000111110001000100000000101
11010101010101010101010101010101010101010
11010000000001000111110001000100000000010
10101010101010101010101010101010101010101
10100000000001000101111111111111110000101
11010101010101010101010101010101010101010
11010000000001000100010001000100000000010
10101010101010101010101010101010101010101
10100000000001000100010001000100000000101
11010101010101010101010101010101010101010
11010000000001000100010001000100000000010
10101010101010101010101010101010101010101
10100000000001000100010001000100000000101
11010101010101010101010101010101010101010
11010000000001000100010001000100000000010
10101010101010101010101010101010101010101
10100000000001000100010001000100000000101
11010101010101010101010101010101010101010
11010000000001000100010001000100000000010
10101010101010101010101010101010101010101
10100000000001110100010001000100000000101
11010101010101010101010101010101010101010
11010000000001111100010001000100000000010
10101010101010101010101010101010101010101
10100000000001111100010001000100000000101
11010101010101010101010101010101010101010
11010000000001111100010001000100000000010
10101010101010101010101010101010101010101
10100000000001011111111111111100000000101
11010101010101010101010101010101010101010
11010000000001000100010001111100000000010
10101010101010101010101010101010101010101
10100000000001000100010011100100000000101
11010101010101010101010101010101010101010
11010000000001000110010111000100000000010
10101010101010101010101010101010101010101
10100000000001000101111001000100000000101
11010101010101010101010101010101010101010
11010000000001000100010001000100000000010
10101010101010101010101010101010101010101
10100000000001000100010001000100000000101
11010101010101010101010101010101010101010
11010000000001000100010001000100000000010
10101010101010101010101010101010101010101
10100000000111111111111111100100000000101
11010101010101010101010101010101010101010
11010000000011100100010011110100000000010
10101010101010101010101010101010101010101
10100000000001111100010011111100000000101
11010101010101010101010101010101010101010
11010000000001001100011011110100000000010
10101010101010101010101010101010101010101
10100000000001000111110001110100000000101
11010101010101010101010101010101010101010
11010000000001000100010001000110000000010
10101010101010101010101010101010101010101
10100000000001000100010001000110000000101
11010101010101010101010101010101010101010
11010000000001000100010001000110000000010
10101010101010101010101010101010101010101
10100000000001000100010001000110000000101
11010101010101010101010101010101010101010
11010000000001000100010001000110000000010
10101010101010101010101010101010101010101
10100000000001000100010001000110000000101
11010101010101010101010101010101010101010
11010000000001111111111111111110000000010
10101010101010101010101010101010101010101
10100000000001000100010001000110000000101
11010101010101010101010101010101010101010
11010000000001000100010001000110000000010
10101010101010101010101010101010101010101
10100000000001000100010001000110000000101
11010101010101010101010101010101010101010
11010000000001000100010001000110000000010
10101010101010101010101010101010101010101
10100000000001000100010001000110000000101
11010101010101010101010101010101010101010
11010000000001000100010001000110000000010
10101010101010101010101010101010101010101
10100000000111111111111111100100000000101
11010101010101010101010101010101010101010
11010000000011100100010011110100000000010
10101010101010101010101010101010101010101
10100000000001111100010011111100000000101
11010101010101010101010101010101010101010
11010000000001001100011011110100000000010
10101010101010101010101010101010101010101
10100000000001000111110001110100000000101
11010101010101010101010101010101010101010
11010000000001000100010001000100000000010
10101010101010101010101010101010101010101
10100000000001000100010001000100000000101
11010101010101010101010101010101010101010
11010000000001000100010001000100000000010
10101010101010101010101010101010101010101
10100000000001000100010001000100000000101
11010101010101010101010101010101010101010
11010000000001000100010001000100000000010
10101010101010101010101010101010101010101
10100000000001000100010001000100000000101
11010101010101010101010101010101010101010
11010000000001000100010001000100000000010
10101010101010101010101010101010101010101
10100000011111111111111101000100000000101
11010101010101010101010101010101010101010
11010000001111000100011111000100000000010
10101010101010101010101010101010101010101
10100000000011100100011111000100000000101
11010101010101010101010101010101010101010
11010000000001110100111111000100000000010
10101010101010101010101010101010101010101
10100000000001001111010111000100000000101
11010101010101010101010101010101010101010
11010000000001000100010001000100000000010
10101010101010101010101010101010101010101
10100000000001000100010001000100000000101
11010101010101010101010101010101010101010
11010000000001000100010001000100000000010
10101010101010101010101010101010101010101
10100000000001000100010001000100000000101
11010101010101010101010101010101010101010
11010000000001000100010001000100000000010
10101010101010101010101010101010101010101
10100000000001000100010001000100000000101
11010101010101010101010101010101010101010
11010000000001000100010001000100000000010
10101010101010101010101010101010101010101
10100000000111111111111111100100000000101
11010101010101010101010101010101010101010
11010000000011100100010011110100000000010
10101010101010101010101010101010101010101
10100000000001111100010011110100000000101
11010101010101010101010101010101010101010
11010000000001001100011011110100000000010
10101010101010101010101010101010101010101
10100000000001000111110001110100000000101
11010101010101010101010101010101010101010
11010000000001000100010001000100000000010
10101010101010101010101010101010101010101
10100000000001000100010001000100000000101
11010101010101010101010101010101010101010
11010000000001000100010001000100000000010
10101010101010101010101010101010101010101
10100000000001000100010001000100000000101
11010101010101010101010101010101010101010
11010000000001000100010001000100000000010
10101010101010101010101010101010101010101
10100000000001000100010001000100000000101
11010101010101010101010101010101010101010
11010000000001000100010001000100000000010
10101010101010101010101010101010101010101
10100000000001000111010001000100000000101
11010101010101010101010101010101010101010
11010000000001000111110001000100000000010
10101010101010101010101010101010101010101
10100000000001000111110001000100000000101
11010101010101010101010101010101010101010
11010000000001000111110001000100000000010
10101010101010101010101010101010101010101
10100000000001000101111111111111110000101
11010101010101010101010101010101010101010
11010000000001000100010001000100000000010
10101010101010101010101010101010101010101
10100000000001000100010001000100000000101
11010101010101010101010101010101010101010
11010000000001000100010001000100000000010
10101010101010101010101010101010101010101
10100000000001000100010001000100000000101
11010101010101010101010101010101010101010
11010000000001000100010001000100000000010
10101010101010101010101010101010101010101
10100000000001000100010001000100000000101
11010101010101010101010101010101010101010
11010000000001000100010001000100000000010
10101010101010101010101010101010101010101
10100000000001001110010001000100000000101
11010101010101010101010101010101010101010
11010000000001001111010001000100000000010
10101010101010101010101010101010101010101
10100000000001001111010001000100000000101
11010101010101010101010101010101010101010
11010000000001001111010001000100000000010
10101010101010101010101010101010101010101
10100000000001000111111111111111000000101
11010101010101010101010101010101010101010
11010000000001000100010001001110000000010
10101010101010101010101010101010101010101
10100000000001000100010001111100000000101
11010101010101010101010101010101010101010
11010000000001000100110001100100000000010
10101010101010101010101010101010101010101
10100000000001000100011111000100000000101
11010101010101010101010101010101010101010
11010000000001000100010001000100000000010
10101010101010101010101010101010101010101
10100000000001000100010001000100000000101
11010101010101010101010101010101010101010
11010000000001000100010001000100000000010
10101010101010101010101010101010101010101
10100000000001110100010001000100000000101
11010101010101010101010101010101010101010
11010000000001111100010001000100000000010
10101010101010101010101010101010101010101
10100000000001111100010001000100000000101
11010101010101010101010101010101010101010
11010000000001111100010001000100000000010
10101010101010101010101010101010101010101
10100000000001011111111111111100000000101
11010101010101010101010101010101010101010
11010000000001000100010001000100000000010
10101010101010101010101010101010101010101
10100000000001000100010001000100000000101
11010101010101010101010101010101010101010
11010000000001000100010001000100000000010
10101010101010101010101010101010101010101
10100000000001000100010001000100000000101
11010101010101010101010101010101010101010
11010000000001000100010001000100000000010
10101010101010101010101010101010101010101
10100000000001000100010001000100000000101
11010101010101010101010101010101010101010
11010000000001111111111111111100000000010
10101010101010101010101010101010101010101
10100000000001000100010001000100000000101
11010101010101010101010101010101010101010
11010000000001000100010001000100000000010
10101010101010101010101010101010101010101
10100000000001000100010001000100000000101
11010101010101010101010101010101010101010
11010000000001000100010001000100000000010
10101010101010101010101010101010101010101
10100000000001000100010001000100000000101
11010101010101010101010101010101010101010
11010000000001000100010001000100000000010
10101010101010101010101010101010101010101
10100000000111111111111111100100000000101
11010101010101010101010101010101010101010
11010000000001000100010011110100000000010
10101010101010101010101010101010101010101
10100000000001000100010011110100000000101
11010101010101010101010101010101010101010
11010000000001000100010011110100000000010
10101010101010101010101010101010101010101
10100000000001000100010001110100000000101
11010101010101010101010101010101010101010
11010000000001000100010001000100000000010
10101010101010101010101010101010101010101
10100000000001000100010001010100000000101
11010101010101010101010101010101010101010
11010000000001000100010001000100000000010
10101010101010101010101010101010101010101
10100000000001000100010001000100000000101
11010101010101010101010101010101010101010
11010000000001000100010001000100000000010
10101010101010101010101010101010101010101
10100000000001000100010001000100000000101
11010101010101010101010101010101010101010
11010000000001000100010001000100000000010
10101010101010101010101010101010101010101
10100000000001000111010001000100000000101
11010101010101010101010101010101010101010
11010000000001000111110001000100000000010
10101010101010101010101010101010101010101
10100000000001000111110001000100000000101
11010101010101010101010101010101010101010
11010000000001000111110001000100000000010
10101010101010101010101010101010101010101
10100000000001000101111111111111110000101
11010101010101010101010101010101010101010
11010000000001000100010001000111100000010
10101010101010101010101010101010101010101
10100000000001000100010001001110000000101
11010101010101010101010101010101010101010
11010000000001000100011001011100000000010
10101010101010101010101010101010101010101
10100000000001000100010111100100000000101
11010101010101010101010101010101010101010
11010000000001000100010001000100000000010
10101010101010101010101010101010101010101
10100000000001000100010001000100000000101
11010101010101010101010101010101010101010
11010000000001000100010001000100000000010
10101010101010101010101010101010101010101
10100000011111111111111101000100000000101
11010101010101010101010101010101010101010
11010000001111000100011111000100000000010
10101010101010101010101010101010101010101
10100000000011100100011111000100000000101
11010101010101010101010101010101010101010
11010000000001110100111111000100000000010
10101010101010101010101010101010101010101
10100000000001001111010111000100000000101
11010101010101010101010101010101010101010
11010000000001000100010001000100000000010
10101010101010101010101010101010101010101
10100000000001000100010001000100000000101
11010101010101010101010101010101010101010
11010000000001000100010001000100000000010
10101010101010101010101010101010101010101
10100000000001000100010001000100000000101
11010101010101010101010101010101010101010
11010000000001000100010001000100000000010
10101010101010101010101010101010101010101
10100000000001000100010001000100000000101
11010101010101010101010101010101010101010
11010000000001000100010001000100000000010
10101010101010101010101010101010101010101
10100000000111111111111111100100000000101
11010101010101010101010101010101010101010
11010000000001000100010011110100000000010
10101010101010101010101010101010101010101
10100000000001000100010011110100000000101
11010101010101010101010101010101010101010
11010000000001000100010011110100000000010
10101010101010101010101010101010101010101
10100000000001000100010001110100000000101
11010101010101010101010101010101010101010
11010000000001000100010001000100000000010
10101010101010101010101010101010101010101
10100000000001000100010001000100000000101
11010101010101010101010101010101010101010
11010000000001000100010001000100000000010
10101010101010101010101010101010101010101
10100000000001000100010001000100000000101
11010101010101010101010101010101010101010
11010000000001000100010001000100000000010
10101010101010101010101010101010101010101
10100000000001000100010001000100000000101
11010101010101010101010101010101010101010
11010000000001000100010001000100000000010
10101010101010101010101010101010101010101
10100000000111111111111111100100000000101
11010101010101010101010101010101010101010
11010000000011100100010011110100000000010
10101010101010101010101010101010101010101
10100000000001111100010011110100000000101
11010101010101010101010101010101010101010
11010000000001001100011011110100000000010
10101010101010101010101010101010101010101
10100000000001000111110001110100000000101
11010101010101010101010101010101010101010
11010000000001000100010001000100000000010
10101010101010101010101010101010101010101
10100000000001000100010001000100000000101
11010101010101010101010101010101010101010
11010000000001000100010001000100000000010
10101010101010101010101010101010101010101
10100000000001000100010001000100000000101
11010101010101010101010101010101010101010
11010000000001000100010001000100000000010
10101010101010101010101010101010101010101
10100000000001000100010001000100000000101
11010101010101010101010101010101010101010
11010000000001111111111111111100000000010
10101010101010101010101010101010101010101
10100000000001000100010001000100000000101
11010101010101010101010101010101010101010
11010000000001000100010001000100000000010
10101010101010101010101010101010101010101
10100000000001000100010001000100000000101
11010101010101010101010101010101010101010
11010000000001000100010001000100000000010
10101010101010101010101010101010101010101
10100000000001000100010001000100000000101
11010101010101010101010101010101010101010
11010000000001000100010001000100000000010
10101010101010101010101010101010101010101
10100000011111111111111101000100000000101
11010101010101010101010101010101010101010
11010000001111000100011111000100000000010
10101010101010101010101010101010101010101
10100000000011100100011111000100000000101
11010101010101010101010101010101010101010
11010000000001110100111111000100000000010
10101010101010101010101010101010101010101
10100000000001001111010111000100000000101
11010101010101010101010101010101010101010
11010000000001000100010001000100000000010
10101010101010101010101010101010101010101
10100000000001000100010001000100000000101
11010101010101010101010101010101010101010
11010000000001000100010001000100000000010
10101010101010101010101010101010101010101
10100000000001000100010001000100000000101
11010101010101010101010101010101010101010
11010000000001000100010001000100000000010
10101010101010101010101010101010101010101
10100000000001000100010001000100000000101
11010101010101010101010101010101010101010
11010000000001000100010001000100000000010
10101010101010101010101010101010101010101
10100000000001000111010001000100000000101
11010101010101010101010101010101010101010
11010000000001000111110001000100000000010
10101010101010101010101010101010101010101
10100000000001000111110001000100000000101
11010101010101010101010101010101010101010
11010000000001000111110001000100000000010
10101010101010101010101010101010101010101
10100000000001000101111111111111110000101
11010101010101010101010101010101010101010
11010000000001000100010001000111100000010
10101010101010101010101010101010101010101
10100000000001000100010001001110000000101
11010101010101010101010101010101010101010
11010000000001000100011001011100000000010
10101010101010101010101010101010101010101
10100000000001000100010111100100000000101
11010101010101010101010101010101010101010
11010000000001000100010001000100000000010
10101010101010101010101010101010101010101
10100000000001000100010001000100000000101
11010101010101010101010101010101010101010
11010000000001000100010001000100000000010
10101010101010101010101010101010101010101
10100000000001011111111111111110000000101
11010101010101010101010101010101010101010
11010000000001001110010001001111000000010
10101010101010101010101010101010101010101
10100000000001000111110001001111000000101
11010101010101010101010101010101010101010
11010000000001000100110001101111000000010
10101010101010101010101010101010101010101
10100000000001000100011111000111000000101
11010101010101010101010101010101010101010
11010000000001000100010001000100000000010
10101010101010101010101010101010101010101
10100000000001000100010001000100000000101
11010101010101010101010101010101010101010
11010000000001000100010001000100000000010
10101010101010101010101010101010101010101
10100000000001000100010001000100000000101
11010101010101010101010101010101010101010
11010000000001000100010001000100000000010
10101010101010101010101010101010101010101
10100000000001000100010001000100000000101
11010101010101010101010101010101010101010
11010000000001000100010001000100000000010
10101010101010101010101010101010101010101
10100000000001111111111111110100000000101
11010101010101010101010101010101010101010
11010000000001000100010001111100000000010
10101010101010101010101010101010101010101
10100000000001000100010001111100000000101
11010101010101010101010101010101010101010
11010000000001000100010001111100000000010
10101010101010101010101010101010101010101
10100000000001000100010001011100000000101
11010101010101010101010101010101010101010
11010000000001000100010001000100000000010
10101010101010101010101010101010101010101
10100000000001000100010001000100000000101
11010101010101010101010101010101010101010
11010000000001000100010001000100000000010
10101010101010101010101010101010101010101
10100000000001000100010001000100000000101
11010101010101010101010101010101010101010
11010000000001000100010001000100000000010
10101010101010101010101010101010101010101
10100000000001000100010001000100000000101
11010101010101010101010101010101010101010
11010000000001000100010001000100000000010
10101010101010101010101010101010101010101
10100000011111111111111101000100000000101
11010101010101010101010101010101010101010
11010000001111000100011111000100000000010
10101010101010101010101010101010101010101
10100000000011100100011111000100000000101
11010101010101010101010101010101010101010
11010000000001110100111111000100000000010
10101010101010101010101010101010101010101
10100000000001001111010111000100000000101
11010101010101010101010101010101010101010
11010000000001000100010001000100000000010
10101010101010101010101010101010101010101
10100000000001000100010001000100000000101
11010101010101010101010101010101010101010
11010000000001000100010001000100000000010
10101010101010101010101010101010101010101
10100000000001000100010001000100000000101
11010101010101010101010101010101010101010
11010000000001000100010001000100000000010
10101010101010101010101010101010101010101
10100000000001000100010001000100000000101
11010101010101010101010101010101010101010
11010000000001000100010001000100000000010
10101010101010101010101010101010101010101
10100000000001011111111111111110000000101
11010101010101010101010101010101010101010
11010000000001001110010001001111000000010
10101010101010101010101010101010101010101
10100000000001000111110001001111000000101
11010101010101010101010101010101010101010
11010000000001000100110001101111000000010
10101010101010101010101010101010101010101
10100000000001000100011111000111000000101
11010101010101010101010101010101010101010
11010000000001000100010001000100000000010
10101010101010101010101010101010101010101
10100000000001000100010001000100000000101
11010101010101010101010101010101010101010
11010000000001000100010001000100000000010
10101010101010101010101010101010101010101
10100000000001000100010001000100000000101
11010101010101010101010101010101010101010
11010000000001000100010001000100000000010
10101010101010101010101010101010101010101
10100000000001000100010001000100000000101
11010101010101010101010101010101010101010
11010000000001000100010001000100000000010
10101010101010101010101010101010101010101
10100000000001111111111111110100000000101
11010101010101010101010101010101010101010
11010000000001111100010001111100000000010
10101010101010101010101010101010101010101
10100000000001001110010001111110000000101
11010101010101010101010101010101010101010
11010000000001000111010011111101000000010
10101010101010101010101010101010101010101
10100000000001000100111101011101000000101
11010101010101010101010101010101010101010
11010000000001000100010001000100100000010
10101010101010101010101010101010101010101
10100000000001000100010001000100100000101
11010101010101010101010101010101010101010
11010000000001000100010001000100100000010
10101010101010101010101010101010101010101
10100000000001000100010001000100100000101
11010101010101010101010101010101010101010
11010000000001000100010001000100100000010
10101010101010101010101010101010101010101
10100000000001000100010001000100100000101
11010101010101010101010101010101010101010
11010000000001111111111111111100100000010
10101010101010101010101010101010101010101
10100000000001000100010001000100100000101
11010101010101010101010101010101010101010
11010000000001000100010001000100100000010
10101010101010101010101010101010101010101
10100000000001000100010001000100100000101
11010101010101010101010101010101010101010
11010000000001000100010001000100100000010
10101010101010101010101010101010101010101
10100000000001000100010001000100100000101
11010101010101010101010101010101010101010
11010000000001000100010001000100100000010
10101010101010101010101010101010101010101
10100000000001111111111111110101000000101
11010101010101010101010101010101010101010
11010000000001111100010001111101000000010
10101010101010101010101010101010101010101
10100000000001001110010001111110000000101
11010101010101010101010101010101010101010
11010000000001000111010011111100000000010
10101010101010101010101010101010101010101
10100000000001000100111101011100000000101
11010101010101010101010101010101010101010
11010000000001000100010001000100000000010
10101010101010101010101010101010101010101
10100000000001000100010001000100000000101
11010101010101010101010101010101010101010
11010000000001000100010001000100000000010
10101010101010101010101010101010101010101
10100000000001000100010001000100000000101
11010101010101010101010101010101010101010
11010000000001000100010001000100000000010
10101010101010101010101010101010101010101
10100000000001000100010001000100000000101
11010101010101010101010101010101010101010
11010000000001000100010001000100000000010
10101010101010101010101010101010101010101
10100000011111111111111101000100000000101
11010101010101010101010101010101010101010
11010000001111000100011111000100000000010
10101010101010101010101010101010101010101
10100000000011100100011111000100000000101
11010101010101010101010101010101010101010
11010000000001110100111111000100000000010
10101010101010101010101010101010101010101
10100000000001001111010111000100000000101
11010101010101010101010101010101010101010
11010000000001000100010001000100000000010
10101010101010101010101010101010101010101
10100000000001000100010001000100000000101
11010101010101010101010101010101010101010
11010000000001000100010001000100000000010
10101010101010101010101010101010101010101
10100000000001000100010001000100000000101
11010101010101010101010101010101010101010
11010000000001000100010001000100000000010
10101010101010101010101010101010101010101
10100000000001000100010001000100000000101
11010101010101010101010101010101010101010
11010000000001000100010001000100000000010
10101010101010101010101010101010101010101
10100000000001011111111111111110000000101
11010101010101010101010101010101010101010
11010000000001001110010001001111000000010
10101010101010101010101010101010101010101
10100000000001000111110001001111000000101
11010101010101010101010101010101010101010
11010000000001000100110001101111000000010
10101010101010101010101010101010101010101
10100000000001000100011111000111000000101
11010101010101010101010101010101010101010
11010000000001000100010001000100000000010
10101010101010101010101010101010101010101
10100000000001000100010001000100000000101
11010101010101010101010101010101010101010
11010000000001000100010001000100000000010
10101010101010101010101010101010101010101
10100000000001000100010001000100000000101
11010101010101010101010101010101010101010
11010000000001000100010001000100000000010
10101010101010101010101010101010101010101
10100000000001000100010001000100000000101
11010101010101010101010101010101010101010
11010000000001000100010001000100000000010
10101010101010101010101010101010101010101
10100000000001111111111111110100000000101
11010101010101010101010101010101010101010
11010000000001000100010001111100000000010
10101010101010101010101010101010101010101
10100000000001000100010001111100000000101
11010101010101010101010101010101010101010
11010000000001000100010001111100000000010
10101010101010101010101010101010101010101
10100000000001000100010001011100000000101
11010101010101010101010101010101010101010
11010000000001000100010001000100000000010
10101010101010101010101010101010101010101
10100000000001000100010001000100000000101
11010101010101010101010101010101010101010
11010000000001000100010001000100000000010
10101010101010101010101010101010101010101
10100000000001000100010001000100000000101
11010101010101010101010101010101010101010
11010000000001000100010001000100000000010
10101010101010101010101010101010101010101
10100000000001000100010001000100000000101
11010101010101010101010101010101010101010
11010000000001000100010001000100000000010
10101010101010101010101010101010101010101
10100000011111111111111101000100000000101
11010101010101010101010101010101010101010
11010000001111000100011111000100000000010
10101010101010101010101010101010101010101
10100000000011100100011111000100000000101
11010101010101010101010101010101010101010
11010000000001110100111111000100000000010
10101010101010101010101010101010101010101
10100000000001001111010111000100000000101
11010101010101010101010101010101010101010
11010000000001000100010001000100000000010
10101010101010101010101010101010101010101
10100000000001000100010001000100000000101
11010101010101010101010101010101010101010
11010000000001000100010001000100000000010
10101010101010101010101010101010101010101
10100000000001000100010001000100000000101
11010101010101010101010101010101010101010
11010000000001000100010001000100000000010
10101010101010101010101010101010101010101
10100000000001000100010001000100000000101
11010101010101010101010101010101010101010
11010000000001000100010001000100000000010
10101010101010101010101010101010101010101
10100000000001011111111111111110000000101
11010101010101010101010101010101010101010
11010000000001001110010001001111000000010
10101010101010101010101010101010101010101
10100000000001000111110001001111000000101
11010101010101010101010101010101010101010
11010000000001000100110001101111000000010
10101010101010101010101010101010101010101
10100000000001000100011111000111000000101
11010101010101010101010101010101010101010
11010000000001000100010001000100000000010
10101010101010101010101010101010101010101
10100000000001000100010001000100000000101
11010101010101010101010101010101010101010
11010000000001000100010001000100000000010
10101010101010101010101010101010101010101
10100000000001000100010001000100000000101
11010101010101010101010101010101010101010
11010000000001000100010001000100000000010
10101010101010101010101010101010101010101
10100000000001000100010001000100000000101
11010101010101010101010101010101010101010
11010000000001000100010001000100000000010
10101010101010101010101010101010101010101
10100000000001111111111111110100000000101
11010101010101010101010101010101010101010
11010000000001111100010001111100000000010
10101010101010101010101010101010101010101
10100000000001001110010001111110000000101
11010101010101010101010101010101010101010
11010000000001000111010011111101000000010
10101010101010101010101010101010101010101
10100000000001000100111101011101000000101
11010101010101010101010101010101010101010
11010000000001000100010001000100100000010
10101010101010101010101010101010101010101
10100000000001000100010001000100100000101
11010101010101010101010101010101010101010
11010000000001000100010001000100100000010
10101010101010101010101010101010101010101
10100000000001000100010001000100100000101
11010101010101010101010101010101010101010
11010000000001000100010001000100100000010
10101010101010101010101010101010101010101
10100000000001000100010001000100100000101
11010101010101010101010101010101010101010
11010000000001111111111111111100100000010
10101010101010101010101010101010101010101
10100000000001000100010001000100100000101
11010101010101010101010101010101010101010
11010000000001000100010001000100100000010
10101010101010101010101010101010101010101
10100000000001000100010001000100100000101
11010101010101010101010101010101010101010
11010000000001000100010001000100100000010
10101010101010101010101010101010101010101
10100000000001000100010001000100100000101
11010101010101010101010101010101010101010
11010000000001000100010001000100100000010
10101010101010101010101010101010101010101
10100000000001111111111111110101000000101
11010101010101010101010101010101010101010
11010000000001111100010001111101000000010
10101010101010101010101010101010101010101
10100000000001001110010001111110000000101
11010101010101010101010101010101010101010
11010000000001000111010011111100000000010
10101010101010101010101010101010101010101
10100000000001000100111101011100000000101
11010101010101010101010101010101010101010
11010000000001000100010001000100000000010
10101010101010101010101010101010101010101
10100000000001000100010001000100000000101
11010101010101010101010101010101010101010
11010000000001000100010001000100000000010
10101010101010101010101010101010101010101
10100000000001000100010001000100000000101
11010101010101010101010101010101010101010
11010000000001000100010001000100000000010
10101010101010101010101010101010101010101
10100000000001000100010001000100000000101
11010101010101010101010101010101010101010
11010000000001000100010001000100000000010
10101010101010101010101010101010101010101
10100000011111111111111101000100000000101
11010101010101010101010101010101010101010
11010000001111000100011111000100000000010
10101010101010101010101010101010101010101
10100000000011100100011111000100000000101
11010101010101010101010101010101010101010
11010000000001110100111111000100000000010
10101010101010101010101010101010101010101
10100000000001001111010111000100000000101
11010101010101010101010101010101010101010
11010000000001000100010001000100000000010
10101010101010101010101010101010101010101
10100000000001000100010001000100000000101
11010101010101010101010101010101010101010
11010000000001000100010001000100000000010
10101010101010101010101010101010101010101
10100000000001000100010001000100000000101
11010101010101010101010101010101010101010
11010000000001000100010001000100000000010
10101010101010101010101010101010101010101
10100000000001000100010001000100000000101
11010101010101010101010101010101010101010
11010000000001000100010001000100000000010
10101010101010101010101010101010101010101
10100000000111111111111111100100000000101
11010101010101010101010101010101010101010
11010000000001000100010011110100000000010
10101010101010101010101010101010101010101
10100000000001000100010011110100000000101
11010101010101010101010101010101010101010
11010000000001000100010011110100000000010
10101010101010101010101010101010101010101
10100000000001000100010001110100000000101
11010101010101010101010101010101010101010
11010000000001000100010001000100000000010
10101010101010101010101010101010101010101
10100000000001000100010001000100000000101
11010101010101010101010101010101010101010
11010000000001000100010001000100000000010
10101010101010101010101010101010101010101
10100000000001000100010001000100000000101
11010101010101010101010101010101010101010
11010000000001000100010001000100000000010
10101010101010101010101010101010101010101
10100000000001000100010001000100000000101
11010101010101010101010101010101010101010
11010000000001000100010001000100000000010
10101010101010101010101010101010101010101
10100000000111111111111111100100000000101
11010101010101010101010101010101010101010
11010000000011100100010011110100000000010
10101010101010101010101010101010101010101
10100000000001111100010011110100000000101
11010101010101010101010101010101010101010
11010000000001001100011011110100000000010
10101010101010101010101010101010101010101
10100000000001000111110001110100000000101
11010101010101010101010101010101010101010
11010000000001000100010001000100000000010
10101010101010101010101010101010101010101
10100000000001000100010001000100000000101
11010101010101010101010101010101010101010
11010000000001000100010001000100000000010
10101010101010101010101010101010101010101
10100000000001000100010001000100000000101
11010101010101010101010101010101010101010
11010000000001000100010001000100000000010
10101010101010101010101010101010101010101
10100000000001000100010001000100000000101
11010101010101010101010101010101010101010
11010000000001000100010001000100000000010
10101010101010101010101010101010101010101
10100000011111111111111101000100000000101
11010101010101010101010101010101010101010
11010000001111000100011111000100000000010
10101010101010101010101010101010101010101
10100000000011100100011111000100000000101
11010101010101010101010101010101010101010
11010000000001110100111111000100000000010
10101010101010101010101010101010101010101
10100000000001001111010111000100000000101
11010101010101010101010101010101010101010
11010000000001000100010001000100000000010
10101010101010101010101010101010101010101
10100000000001000100010001000100000000101
11010101010101010101010101010101010101010
11010000000001000100010001000100000000010
10101010101010101010101010101010101010101
10100000000001000100010001000100000000101
11010101010101010101010101010101010101010
11010000000001000100010001000100000000010
10101010101010101010101010101010101010101
10100000000001000100010001000100000000101
11010101010101010101010101010101010101010
11010000000001000100010001000100000000010
10101010101010101010101010101010101010101
10100000000001000111010001000100000000101
11010101010101010101010101010101010101010
11010000000001000111110001000100000000010
10101010101010101010101010101010101010101
10100000000001000111110001000100000000101
11010101010101010101010101010101010101010
11010000000001000111110001000100000000010
10101010101010101010101010101010101010101
10100000000001000101111111111111110000101
11010101010101010101010101010101010101010
11010000000001000100010001000111100000010
10101010101010101010101010101010101010101
10100000000001000100010001001110000000101
11010101010101010101010101010101010101010
11010000000001000100011001011100000000010
10101010101010101010101010101010101010101
10100000000001000100010111100100000000101
11010101010101010101010101010101010101010
11010000000001000100010001000100000000010
10101010101010101010101010101010101010101
10100000000001000100010001000100000000101
11010101010101010101010101010101010101010
11010000000001000100010001000100000000010
10101010101010101010101010101010101010101
10100000000001001110010001000100000000101
11010101010101010101010101010101010101010
11010000000001001111010001000100000000010
10101010101010101010101010101010101010101
10100000000001001111010001000100000000101
11010101010101010101010101010101010101010
11010000000001001111010001000100000000010
10101010101010101010101010101010101010101
10100000000001000111111111111111000000101
11010101010101010101010101010101010101010
11010000000001000100010001001110000000010
10101010101010101010101010101010101010101
10100000000001000100010001111100000000101
11010101010101010101010101010101010101010
11010000000001000100110001100100000000010
10101010101010101010101010101010101010101
10100000000001000100011111000100000000101
11010101010101010101010101010101010101010
11010000000001000100010001000100000000010
10101010101010101010101010101010101010101
10100000000001000100010001000100000000101
11010101010101010101010101010101010101010
11010000000001111111111111111100000000010
10101010101010101010101010101010101010101
10100000000001000100010001000100000000101
11010101010101010101010101010101010101010
11010000000001000100010001000100000000010
10101010101010101010101010101010101010101
10100000000001000100010001000100000000101
11010101010101010101010101010101010101010
11010000000001000100010001000100000000010
10101010101010101010101010101010101010101
10100000000001000100010001000100000000101
11010101010101010101010101010101010101010
11010000000001000100010001000100000000010
10101010101010101010101010101010101010101
10100000000001110100010001000100000000101
11010101010101010101010101010101010101010
11010000000001111100010001000100000000010
10101010101010101010101010101010101010101
10100000000001111100010001000100000000101
11010101010101010101010101010101010101010
11010000000001111100010001000100000000010
10101010101010101010101010101010101010101
10100000000001011111111111111100000000101
11010101010101010101010101010101010101010
11010000000001000100010001000100000000010
10101010101010101010101010101010101010101
10100000000001000100010001000100000000101
11010101010101010101010101010101010101010
11010000000001000100010001000100000000010
10101010101010101010101010101010101010101
10100000000001000100010001000100000000101
11010101010101010101010101010101010101010
11010000000001000100010001000100000000010
10101010101010101010101010101010101010101
10100000000001000100010001000100000000101
11010101010101010101010101010101010101010
11010000000001000100010001000100000000010
10101010101010101010101010101010101010101
10100000001101000100010001000100000000101
11010101010101010101010101010101010101010
11010000001111000100010001000100000000010
10101010101010101010101010101010101010101
10100000001111000100010001000100000000101
11010101010101010101010101010101010101010
11010000001111000100010001000100000000010
10101010101010101010101010101010101010101
10100000000111111111111111000100000000101
11010101010101010101010101010101010101010
11010000000001000100010001000100000000010
10101010101010101010101010101010101010101
10100000000001000100010001000100000000101
11010101010101010101010101010101010101010
11010000000001000100010001000100000000010
10101010101010101010101010101010101010101
10100000000001000100010001000100000000101
11010101010101010101010101010101010101010
11010000000001000100010001000100000000010
10101010101010101010101010101010101010101
10100000000001000100010001000100000000101
11010101010101010101010101010101010101010
11010000000001000100010001000100000000010
10101010101010101010101010101010101010101
10100000000001110100010001000100000000101
11010101010101010101010101010101010101010
11010000000001111100010001000100000000010
10101010101010101010101010101010101010101
10100000000001111100010001000100000000101
11010101010101010101010101010101010101010
11010000000001111100010001000100000000010
10101010101010101010101010101010101010101
10100000000001011111111111111100000000101
11010101010101010101010101010101010101010
11010000000001000100010001000100000000010
10101010101010101010101010101010101010101
10100000000001000100010001000100000000101
11010101010101010101010101010101010101010
11010000000001000100010001000100000000010
10101010101010101010101010101010101010101
10100000000001000100010001000100000000101
11010101010101010101010101010101010101010
11010000000001000100010001000100000000010
10101010101010101010101010101010101010101
10100000000001000100010001000100000000101
11010101010101010101010101010101010101010
11010000000001000100010001000100000000010
10101010101010101010101010101010101010101
10100000000111111111111111100100000000101
11010101010101010101010101010101010101010
11010000000001000100010011110100000000010
10101010101010101010101010101010101010101
10100000000001000100010011110100000000101
11010101010101010101010101010101010101010
11010000000001000100010011110100000000010
10101010101010101010101010101010101010101
10100000000001000100010001110100000000101
11010101010101010101010101010101010101010
11010000000001000100010001000100000000010
10101010101010101010101010101010101010101
10100000000001000100010001000100000000101
11010101010101010101010101010101010101010
11010000000001000100010001000100000000010
10101010101010101010101010101010101010101
10100000000001000100010001000100000000101
11010101010101010101010101010101010101010
11010000000001000100010001000100000000010
10101010101010101010101010101010101010101
10100000000001000100010001000100000000101
11010101010101010101010101010101010101010
11010000000001111111111111111100000000010
10101010101010101010101010101010101010101
10100000000001000100010001000100000000101
11010101010101010101010101010101010101010
11010000000001000100010001000100000000010
10101010101010101010101010101010101010101
10100000000001000100010001000100000000101
11010101010101010101010101010101010101010
11010000000001000100010001000100000000010
10101010101010101010101010101010101010101
10100000000001000100010001000100000000101
11010101010101010101010101010101010101010
11010000000001000100010001000100000000010
10101010101010101010101010101010101010101
10100000011111111111111101000100000000101
11010101010101010101010101010101010101010
11010000000001000100011111000100000000010
10101010101010101010101010101010101010101
10100000000001000100011111000100000000101
11010101010101010101010101010101010101010
11010000000001000100011111000100000000010
10101010101010101010101010101010101010101
10100000000001000100010111000100000000101
11010101010101010101010101010101010101010
11010000000001000100010001000100000000010
10101010101010101010101010101010101010101
10100000000001000100010001000100000000101
11010101010101010101010101010101010101010
11010000000001000100010001000100000000010
10101010101010101010101010101010101010101
10100000000001000100010001000100000000101
11010101010101010101010101010101010101010
11010000000001000100010001000100000000010
10101010101010101010101010101010101010101
10100000000001000100010001000100000000101
11010101010101010101010101010101010101010
11010000000001000100010001000100000000010
10101010101010101010101010101010101010101
10100000000001000111010001000100000000101
11010101010101010101010101010101010101010
11010000000001000111110001000100000000010
10101010101010101010101010101010101010101
10100000000001000111110001000100000000101
11010101010101010101010101010101010101010
11010000000001000111110001000100000000010
10101010101010101010101010101010101010101
10100000000001000101111111111111110000101
11010101010101010101010101010101010101010
11010000000001000100010001000100000000010
10101010101010101010101010101010101010101
10100000000001000100010001000100000000101
11010101010101010101010101010101010101010
11010000000001000100010001000100000000010
10101010101010101010101010101010101010101
10100000000001000100010001000100000000101
11010101010101010101010101010101010101010
11010000000001000100010001000100000000010
10101010101010101010101010101010101010101
10100000000001000100010001000100000000101
11010101010101010101010101010101010101010
11010000000001000100010001000100000000010
10101010101010101010101010101010101010101
10100000001101000100010001000100000000101
11010101010101010101010101010101010101010
11010000001111000100010001000100000000010
10101010101010101010101010101010101010101
10100000001111000100010001000100000000101
11010101010101010101010101010101010101010
11010000001111000100010001000100000000010
10101010101010101010101010101010101010101
10100000000111111111111111000100000000101
11010101010101010101010101010101010101010
11010000000001000100010001000100000000010
10101010101010101010101010101010101010101
10100000000001000100010001000100000000101
11010101010101010101010101010101010101010
11010000000001000100010001000100000000010
10101010101010101010101010101010101010101
10100000000001000100010001000100000000101
11010101010101010101010101010101010101010
11010000000001000100010001000100000000010
10101010101010101010101010101010101010101
10100000000001000100010001000100000000101
11010101010101010101010101010101010101010
11010000000001000100010001000100000000010
10101010101010101010101010101010101010101
10100000000001110100010001000100000000101
11010101010101010101010101010101010101010
11010000000001111100010001000100000000010
10101010101010101010101010101010101010101
10100000000001111100010001000100000000101
11010101010101010101010101010101010101010
11010000000001111100010001000100000000010
10101010101010101010101010101010101010101
10100000000001011111111111111100000000101
11010101010101010101010101010101010101010
11010000000001000100010001000100000000010
10101010101010101010101010101010101010101
10100000000001000100010001000100000000101
11010101010101010101010101010101010101010
11010000000001000100010001000100000000010
10101010101010101010101010101010101010101
10100000000001000100010001000100000000101
11010101010101010101010101010101010101010
11010000000001000100010001000100000000010
10101010101010101010101010101010101010101
10100000000001000100010001000100000000101
11010101010101010101010101010101010101010
11010000000001111111111111111100000000010
10101010101010101010101010101010101010101
10100000000001000100010001000100000000101
11010101010101010101010101010101010101010
11010000000001000100010001000100000000010
10101010101010101010101010101010101010101
10100000000001000100010001000100000000101
11010101010101010101010101010101010101010
11010000000001000100010001000100000000010
10101010101010101010101010101010101010101
10100000000001000100010001000100000000101
11010101010101010101010101010101010101010
11010000000001000100010001000100000000010
10101010101010101010101010101010101010101
